mean  std  running_time
0.00018068394028996848  6.028673807706936e-05  0.3458333333333333
0.0002972195888387746  0.00019489736538833737  0.48333333333333334
0.0002663015569530943  5.918356952194657e-05  0.6625
0.0002913707125503405  3.437550058922819e-05  0.4708333333333333
0.0002856695351480436  4.051702489600243e-05  0.49583333333333335
0.0002776315389585889  5.142003065517865e-05  0.5041666666666667
0.00026779640011671113  5.514589555517747e-05  0.5125
0.0002790897611587767  6.0554231106524614e-05  0.2625
0.0002700857596822304  5.915298237465098e-05  0.42083333333333334
0.0002996571858723958  6.142507485772117e-05  0.3125
0.0002946746883107655  6.493912620276469e-05  0.2791666666666667
0.0002781998027454723  5.785202346115673e-05  0.4583333333333333
0.0002802384310755236  5.194692964752214e-05  0.48333333333333334
0.0002798277598160964  6.254309409149164e-05  0.43333333333333335
0.0002717890291132479  6.499921703172303e-05  0.4875
0.00027099582884046767  5.168317806054105e-05  0.6
0.0002655614682329379  6.353807606647075e-05  0.5125
0.0002949656666936101  6.290379826735596e-05  0.30833333333333335
0.0002952665090560913  3.08807415500353e-05  0.4666666666666667
-1  -1  -1
0.0002942001118379481  5.837172249118852e-05  0.3541666666666667
0.0002996979690179592  4.288906560333058e-05  0.5125
0.000266308653844546  5.397159252248906e-05  0.6083333333333333
0.0002766918780198738  5.3145115429841955e-05  0.5583333333333333
-1  -1  -1
0.00028067638999537415  5.31848203474075e-05  0.3958333333333333
0.0002784123787513146  4.829659636306354e-05  0.5416666666666666
0.0002875249247905637  4.9027327774488497e-05  0.5041666666666667
0.00028343995412190753  6.34829805203851e-05  0.375
0.0002642364501953125  5.610346380291339e-05  1.0416666666666667
0.0003113966239126105  7.201071203072556e-05  0.31666666666666665
0.0002889681344080453  6.977606799526379e-05  0.4125
0.0002993862185857992  5.501315949918194e-05  0.4708333333333333
0.0003017637909961348  6.0416176619641085e-05  0.49583333333333335
0.0002667439863985817  5.7175155373479444e-05  0.6208333333333333
0.00030036290486653644  5.911270191336045e-05  0.3125
0.0003025779184305443  4.8891188071535596e-05  0.44166666666666665
0.00030031085999544  6.551580257813526e-05  0.5041666666666667
0.0003053814757104013  5.054896184808277e-05  0.425
0.0003119368612030406  6.416015146386656e-05  0.3375
0.00031887230120207136  6.67869686454476e-05  0.31666666666666665
0.0002947124567898837  6.188921944392598e-05  0.36666666666666664
0.0002982094883918762  6.013789609088791e-05  0.5333333333333333
0.00032017912183489116  6.152966434023715e-05  0.4083333333333333
0.00030965583268986193  6.217845560620423e-05  0.35833333333333334
0.0003168608012952303  3.589541111829603e-05  0.3958333333333333
0  0  0
0.00029648434032093394  6.808788811560742e-05  0.36666666666666664
0.0002961310129317026  5.970822330912592e-05  0.525
0.00028515543256487166  7.069238249517749e-05  0.4375
0.00028844294340714166  4.86352313397634e-05  0.4791666666666667
0.0003081713572587117  6.720581872615487e-05  0.42083333333333334
0.0003017610119235131  5.087928186902095e-05  0.6458333333333334
0.00029914361193664093  6.098329515668167e-05  0.5541666666666667
0.00030295564494001756  4.8743816836056894e-05  0.45416666666666666
0.00032456796996447506  5.971080652228978e-05  0.4083333333333333
0.00027844871299854225  5.188416886185612e-05  0.575
0.0003006237069356073  6.666493186118534e-05  0.4041666666666667
0.00029990204379089875  5.69010320490393e-05  0.4875
0.00029964817380442204  6.097596367634858e-05  0.42916666666666664
0.00032130718231201174  4.6527814472186475e-05  0.4166666666666667
0.00031843185424804685  4.603222531330489e-05  0.3333333333333333
0.000306529720334241  6.47660799240989e-05  0.5708333333333333
0.00025305121836036144  6.506659482610199e-05  0.4125
-1  -1  -1
0.0001815811971600136  3.754227620049563e-05  0.37083333333333335
0.0001737198359529737  4.5028838841675615e-05  0.5916666666666667
0.00016714675085885184  4.9430003089921296e-05  0.5833333333333334
0.00016795182080002306  4.463468489729082e-05  0.6708333333333333
0.0001643313108569514  3.618956814118733e-05  0.5708333333333333
0.0001680241074672965  3.809744646195272e-05  0.5375
0.0001794840838458087  3.4984630097995064e-05  0.4625
0.00017819921654391  4.138846061012978e-05  0.3458333333333333
0.00016773939132690429  3.910874909393093e-05  0.4166666666666667
0.00016732051454741378  3.3391168298971404e-05  0.725
0.00016729036966959635  3.2380035176832847e-05  0.6125
0.00017751281584926586  3.146784582904898e-05  0.8291666666666667
0.00018815810863788312  4.2330443320331355e-05  0.325
0.00017957077469936636  3.4333260929663846e-05  0.35833333333333334
0.00017557504042139594  3.3063261209995296e-05  0.44166666666666665
0.00018443810312371504  1.9034467952734804e-05  0.3958333333333333
0.0001851610776756992  6.680803630043636e-05  0.49583333333333335
0.00017377338578215742  3.0203779992701055e-05  0.4708333333333333
0.00017192017318856003  3.423685705240464e-05  0.4875
0.00016542131250554866  3.2288951181138614e-05  0.4583333333333333
0  0  0
0.0001879486926766329  3.8787649097944326e-05  0.35833333333333334
0.00017382769749082368  4.3634290084560704e-05  0.48333333333333334
0.00018212309590092413  3.25858869807405e-05  0.45
0.00018823623657226562  3.558107113468098e-05  0.4166666666666667
0.00019026514309555736  3.8440297870395346e-05  0.5583333333333333
0.00018442528588431223  4.2173002693740173e-05  0.35
-1  -1  -1
0.00017680905082009056  3.550890255763697e-05  0.36666666666666664
0.0001651585941583338  3.458094183703876e-05  0.5916666666666667
0.0001593504422976647  3.0836661590106816e-05  0.675
0.00017036288237768757  3.596854787044812e-05  0.5041666666666667
0.0001726653840806749  4.061238082998563e-05  0.375
0.00016301642847425156  3.471863859044239e-05  0.5458333333333333
0.00018310180077185998  4.175021782631882e-05  0.2708333333333333
0.0001760697364807129  3.169004462138903e-05  0.4166666666666667
0.00017256345321883018  3.00148794366266e-05  0.5583333333333333
0.00016594868080288755  3.3989196741408046e-05  0.425
0.0001709616702535878  3.562303556107387e-05  0.575
0.0001857870876198948  5.5793199829550144e-05  0.42083333333333334
0.0001753360726112543  4.5379912913684576e-05  0.7166666666666667
0.00017368193152997134  3.0785671105369773e-05  0.5791666666666667
0.00016275319186123934  3.386636618399745e-05  0.55
0.0001755841942720635  4.118227521246142e-05  0.35833333333333334
0.00017832940624606225  3.3477282661929966e-05  0.5166666666666667
0.0001695239025613536  3.185791609198398e-05  0.4791666666666667
-1  -1  -1
0.0001865508509617226  3.553860383674885e-05  0.425
0.00017934169584107632  3.802135955746558e-05  0.42916666666666664
0.00017785656359768653  3.389261601797742e-05  0.5375
0.00017158482052864285  3.648202218632773e-05  0.45416666666666666
0.0001653180995457609  3.8884831286758046e-05  0.5916666666666667
-1  -1  -1
0.00017172478614969458  3.909443199904827e-05  0.39166666666666666
-1  -1  -1
-1  -1  -1
0.00017458613556210357  2.7334040588888922e-05  0.42083333333333334
0.0001759971214446011  2.4559396153986256e-05  0.6291666666666667
0.0001814343513698753  2.9956123210397047e-05  0.45416666666666666
0  0  0
0.00018123094586358553  5.4704490300120365e-05  0.575
0.00017410659790039062  2.8806725361617157e-05  0.5208333333333334
0.00018082575851611878  2.839949671055057e-05  0.37083333333333335
0.0001763548961905546  4.018587675380852e-05  0.35833333333333334
0.00017125973334679236  3.4962315898648184e-05  0.5416666666666666
0.00017505342310125178  3.334963239820387e-05  0.36666666666666664
0.0001818835735321045  2.5123661804169653e-05  0.5
-1  -1  -1
0.00016804841848520131  3.2700853128695586e-05  0.4875
0.00017786979675292968  2.499511340110854e-05  0.4166666666666667
0  0  0
0.00017935954607450045  3.558935503722546e-05  0.43333333333333335
0.00017274561382475353  3.759452815626475e-05  0.35
0.00016609120042356728  3.5986017251758464e-05  0.6083333333333333
0.00017415323565083166  2.7308209491924652e-05  0.5166666666666667
0.00016054447661054895  3.698204138126281e-05  0.7833333333333333
0.00017517662048339844  2.8933870589541737e-05  0.5208333333333334
0.0001772859822148862  2.5949354786414787e-05  0.4791666666666667
0.00017812964204069856  3.9425721269204176e-05  0.32083333333333336
0.0001873034183110032  2.0616466799029844e-05  0.44583333333333336
0.00019282764858669706  3.870484018756666e-05  0.5625
0.00017380103086813903  3.977015435452147e-05  0.4875
0.0001925140619277954  3.1780801845159075e-05  0.3333333333333333
0.0001870475032112815  3.450620753546174e-05  0.36666666666666664
0.00017675173651311816  3.797577883181565e-05  0.4041666666666667
-1  -1  -1
0.00018259128892278098  3.84618378218365e-05  0.3458333333333333
-1  -1  -1
0.00017871175493512834  4.02948821261198e-05  0.32083333333333336
0.00018702262689259427  2.5815091047890513e-05  0.5041666666666667
0.00016285691942487444  3.2943885658293536e-05  0.7
0.0001902270626712155  4.738058540653161e-05  0.32083333333333336
0.00016682427208702843  3.637112030281198e-05  0.4625
0.00018954508512922862  4.0095958074930766e-05  0.42916666666666664
0.000174562136332194  3.0502294492903235e-05  0.55
0.00018317271501590044  4.153197142804877e-05  0.325
0.00018677825019473122  4.038489017370843e-05  0.35
0.00019026624745336072  3.468335144149922e-05  0.6041666666666666
0.00018404039104333083  3.407558179917333e-05  0.37083333333333335
0.0001859273761510849  2.796807478896082e-05  0.5333333333333333
0.00018280007865991484  4.041841052295424e-05  0.37083333333333335
0.00017406854284815042  3.745591714367983e-05  0.3458333333333333
0.00018185806274414063  2.3399136140836256e-05  0.5208333333333334
0.00019441951404918325  2.3730684814231955e-05  0.5041666666666667
0.0001634970689431215  3.090192384224278e-05  0.65
0.00016968079975673131  4.047160919530546e-05  0.5833333333333334
0.00017798759720542213  4.2660514559940584e-05  0.36666666666666664
0.0001763875505565542  3.3745965952749675e-05  0.4708333333333333
0.00018113087385128706  3.698308674051478e-05  0.325
0.00017313263084315047  3.56130159188402e-05  0.6583333333333333
0.00019318136301907626  5.2271589710929456e-05  0.36666666666666664
0.00017951428890228271  3.379982473444024e-05  0.4
0.00016910263470241  3.862391470249182e-05  0.4666666666666667
-1  -1  -1
0.00015919434057699668  3.5578053565696424e-05  0.6166666666666667
-1  -1  -1
0  0  0
0.0002070439828408731  3.7607282079878e-05  0.4625
0.00020343859990437825  6.036129687703235e-05  0.5
-1  -1  -1
0.00019417457210207448  3.7826592004146124e-05  0.42916666666666664
0.00017947535361013104  2.2583076380912416e-05  0.5166666666666667
0.00018101007166043134  3.984163072490346e-05  0.5916666666666667
0.0001661118040693567  3.285774142644265e-05  0.39166666666666666
0.00017828411526150175  2.6496727631971e-05  0.4875
0.00017101424080984934  3.793775020662327e-05  0.4375
-1  -1  -1
0.00018377767668830024  5.035488953901944e-05  0.3
0.00017241920743669783  4.1142839988772366e-05  0.4666666666666667
0.00019094242769129136  4.968022658760865e-05  0.3541666666666667
0.00018765904881932715  3.1119040467771235e-05  0.4625
0  0  0
0.00016590128553674576  3.5334198593511154e-05  0.39166666666666666
0.00017855731585553585  2.663598751805082e-05  0.5458333333333333
-1  -1  -1
