mean  std  running_time
0.00027341936148849187  5.76021171685781e-05  0.6375
0.0002791759295341296  5.6009124075926215e-05  0.325
0.0002482878534417403  4.7966549305401154e-05  0.475
0.00022210862901475694  5.4014700370357976e-05  0.9375
0.00025447076108275343  3.9084763540229985e-05  0.49583333333333335
0.0002652840180830522  5.793748237999196e-05  0.36666666666666664
-1  -1  -1
0.00024930636088053387  5.5699828651575515e-05  0.5375
0.00027589051120252496  7.012263705335349e-05  0.3458333333333333
0.00027003988519415156  6.452684859613971e-05  0.5958333333333333
0.000275641344906239  4.954974152963906e-05  0.37083333333333335
0.0002605011386256064  5.721509585913761e-05  0.5166666666666667
0.0002943575382232666  8.117914582908862e-05  0.5
0.0002429360774025988  4.652323997403604e-05  0.5583333333333333
0.00026244525761567346  9.095114127634679e-05  0.5375
0.0002697998163651447  5.281513276680479e-05  0.4083333333333333
0.0002539447534864194  4.2133645706909414e-05  0.44583333333333336
0.00025332875612403164  4.855428895958783e-05  0.49583333333333335
0.00026976243230222743  4.0067376475518255e-05  0.5458333333333333
0.0002525810039404667  5.246181420712967e-05  0.55
0.00024004572445584328  6.737609588628131e-05  0.8083333333333333
0.00027365154690212675  6.600336922378722e-05  0.4875
0.0002450445423955503  4.12963445573534e-05  0.4791666666666667
0.00024312304467270055  6.0162641157544975e-05  0.4041666666666667
0.0002577412235844243  6.135797813047962e-05  0.4625
0.00025985709258488247  6.823981159920911e-05  0.4666666666666667
-1  -1  -1
0.00026111270106116006  5.8370618515307336e-05  0.35833333333333334
0.0002571722356284537  4.4622479209056796e-05  0.3416666666666667
0.0002403641475065974  6.228270493401911e-05  0.5458333333333333
0.00025438103410932753  5.373440420910253e-05  0.6
0.0002683756644265694  5.2336153085401955e-05  0.475
-1  -1  -1
-1  -1  -1
0.0002942578545932112  7.447431063445175e-05  0.3625
0.00026516561154966  4.662838394441608e-05  0.45
0.0002602880651300604  8.19236281850409e-05  0.5041666666666667
0.0002629218562956779  5.616758567107698e-05  0.5166666666666667
0.0002554882975185619  4.203036600119941e-05  0.5666666666666667
0.0002769220442998977  6.460875889384425e-05  0.4375
0.00026544470053452713  5.9041794550321424e-05  0.43333333333333335
0.0002758012595751607  5.9896145344194834e-05  0.5875
-1  -1  -1
0.0002691173553466797  5.05282618099192e-05  0.4166666666666667
0.0002558407458392057  8.283197252549813e-05  0.7333333333333333
0.00027864532811301094  5.016442496053446e-05  0.4666666666666667
0.0002741427648635138  5.722436743786182e-05  0.4375
0.00026416377860958835  5.66674115887933e-05  0.49583333333333335
0.0002848341547209641  5.967676468575474e-05  0.48333333333333334
0.00026601978710719517  6.0033845071473566e-05  0.4666666666666667
0.00028193722600522247  5.803713469129318e-05  0.4791666666666667
0.0002873506186143407  5.346816706667154e-05  0.44166666666666665
0.00028794403844231725  5.121059278147281e-05  0.6208333333333333
0.00027371115154690214  6.854170144849127e-05  0.45
0.0002658413006709172  5.4876556128561836e-05  0.43333333333333335
0.00024109377580530504  6.555906366826337e-05  0.5666666666666667
0.00025385267594281365  6.047180595770815e-05  0.5666666666666667
0.0002839140972848666  5.3541662308514206e-05  0.49166666666666664
0.00026593605677286786  5.3990819101965674e-05  0.45
0.00025604248046875  5.698374635278874e-05  0.625
0.00026770938526500353  7.138027863294603e-05  0.4583333333333333
0.0002708811508981805  4.9000241919404057e-05  0.475
0.0002723905775282118  6.57352421502567e-05  0.375
0.0002628315740556859  5.875312301979855e-05  0.5583333333333333
0.0002632711244666058  6.261148607349675e-05  0.38333333333333336
0.0002783996513090938  7.844366612749865e-05  0.6916666666666667
0.0002822437505612428  6.3592233670526e-05  0.3625
0.0002444064874443219  5.228129154202189e-05  0.5791666666666667
0.00026298052555805926  5.6247985925061195e-05  0.6166666666666667
0.00026040185581554067  5.653750549785072e-05  0.55
0.0002700866909202086  5.68904041774476e-05  0.45416666666666666
0.0002787072434384599  5.451768649989233e-05  0.4875
0.00026229930960613746  5.88802842485565e-05  0.38333333333333336
0.00025892065417382025  5.586980278430646e-05  0.5166666666666667
0.00026930989445866763  5.72646497869909e-05  0.4625
0.0002526231110095978  6.249172232722692e-05  0.5333333333333333
0.00026277195323597303  5.619791862744789e-05  0.6875
0.00023526705584479767  6.347858218307209e-05  0.8583333333333333
0.0002853929996490479  4.768227001322867e-05  0.5
0.0002977552667128301  5.31232784471461e-05  0.4708333333333333
0.000256199462741029  5.2903316441615016e-05  0.425
0.00026443053265007174  5.47870599815458e-05  0.4083333333333333
0.00025244225236706265  5.708722293714739e-05  0.5541666666666667
0.00027483806275484853  4.8679461814852045e-05  0.475
0.0003004056944263925  8.510182501196349e-05  0.5791666666666667
0.00028674034845261345  5.154657356569385e-05  0.4375
0.00024777650833129883  6.142138326160394e-05  0.5666666666666667
0.00028235129727662066  9.074894544516222e-05  0.5458333333333333
0.0002508175255048393  5.4683554222896503e-05  0.8416666666666667
0.00024841961107755964  6.160892225799533e-05  0.5541666666666667
0.00026212731997172036  6.007777462975378e-05  0.5
0.0002667026519775391  6.16576631289401e-05  0.5208333333333334
-1  -1  -1
0.00026404014741531525  5.329393229807362e-05  0.4125
0.0002504777507621701  4.818691379774276e-05  0.49583333333333335
0.0002582122539651805  6.837762903703402e-05  0.6041666666666666
0.00027989546457926433  6.724429155721465e-05  0.375
0.00026179304217348006  5.4872090182171734e-05  0.42083333333333334
0.00026828411853674686  4.6959940456499645e-05  0.55
0.00026135282082991165  5.9427429856184006e-05  0.7333333333333333
0.0002748480549565068  5.4816091812602156e-05  0.45
0.00024717324858258485  5.098045691513227e-05  0.6541666666666667
0.0002745563148433327  6.918105899624799e-05  0.4875
-1  -1  -1
0.00026273536682128905  5.799566703801951e-05  0.5208333333333334
0.00026124194987769267  6.137403245451305e-05  0.42916666666666664
0.00027742981910705566  6.987212393513917e-05  0.36666666666666664
0.0002715627352396647  5.24371297718774e-05  0.5
0.00028209739856505664  6.759509768109457e-05  0.37083333333333335
0.00028840426740975214  7.17626478189116e-05  0.3625
0.0002588244045481962  5.416078115890323e-05  0.49583333333333335
0.00026448834843996195  5.410203752517767e-05  0.49583333333333335
0.00027553997342548675  4.2324451964183645e-05  0.525
-1  -1  -1
0.0003049597144126892  9.010410761533272e-05  0.4
0.00027542571498923106  0.00010637138040562816  0.6083333333333333
0.0002828047556035659  6.227514518437205e-05  0.5666666666666667
0.0002593315713773898  5.8625305340074604e-05  0.5125
0.0002463448722407503  4.5855800158578414e-05  0.6625
0.00022670236557566058  4.4235082116652785e-05  0.7958333333333333
0.00026623565371673886  4.7704261528286274e-05  0.42083333333333334
0.0002688666184743245  5.146108820964436e-05  0.4
0.00027291509840223524  5.99918572092886e-05  0.375
0.00024590115089200985  5.182906805578969e-05  0.7375
0.0002328812236517248  6.128445403423692e-05  0.5916666666666667
0.0002706337858129431  6.423717817804984e-05  0.45
0.0002650876839955648  4.476259663301047e-05  0.5
0.0002660494224697936  5.4836668593422896e-05  0.425
0.00026858382754855683  4.894644623167965e-05  0.375
0.00024336487499635611  3.9550514977415155e-05  0.5583333333333333
0.0002741719049120706  3.738729472077543e-05  0.525
0.00026846669383884703  5.829843241713501e-05  0.4041666666666667
0.00025723589227554644  5.679412677506517e-05  0.39166666666666666
0.00028142399258083766  4.3176212004616704e-05  0.5625
0.0002586109297616141  4.899644664326821e-05  0.5833333333333334
0.0002783268690109253  9.170513871082713e-05  0.3333333333333333
0.00030854036068094187  7.8458544179342e-05  0.48333333333333334
0.00026709614819242755  6.325095611796252e-05  0.5458333333333333
0.00030537683572342145  9.096402429017517e-05  0.5583333333333333
0.00028031793507662684  5.3476175226797666e-05  0.36666666666666664
0.0002431246771741269  6.106008786969504e-05  0.5583333333333333
-1  -1  -1
0.0002769520788481741  6.083440499385802e-05  0.275
0.0002747292214251579  6.0906615586555745e-05  0.5875
0.0002560106556067306  7.312199878133217e-05  0.7416666666666667
0.00028572393500286597  6.400294276121666e-05  0.38333333333333336
0.0002491474151611328  5.02375834566489e-05  0.5166666666666667
0.0002739946971568026  5.1096467973670205e-05  0.5375
0.00026550889015197754  5.878169394688569e-05  0.43333333333333335
0.00027024131460288135  5.041252309537298e-05  0.4041666666666667
0.00025131184121836785  5.241277740596554e-05  0.4791666666666667
-1  -1  -1
0.0002605457498569681  4.231947826466516e-05  0.4125
0.0002511266678098648  4.134285090717015e-05  0.525
0.00025734763879042404  5.1463604545169206e-05  0.43333333333333335
0.00024348937425037358  4.982615351989639e-05  0.6208333333333333
0.00026866262273270955  3.145257022502482e-05  0.5375
0.0002579264121480507  4.414911544233156e-05  0.42083333333333334
0.0002586841583251953  5.406212473270537e-05  0.4
0.00023395146510397742  5.8956851216453514e-05  0.5375
-1  -1  -1
0.00027500328264738386  7.375110965290289e-05  0.31666666666666665
0.00025512305173006923  3.9468377719107953e-05  0.4583333333333333
0.00024555475657222836  5.778529688511482e-05  0.5458333333333333
0.00023059334073747908  4.828539457095751e-05  0.5833333333333334
0.0002602383606415942  8.418305440839041e-05  0.5541666666666667
0.00025177200635274254  7.143960857026302e-05  0.5
0.00023245996283006298  5.240114875942717e-05  0.5375
-1  -1  -1
0.00026209755699233255  5.854744472028514e-05  0.42083333333333334
0.0002557114437893704  4.8090586665998186e-05  0.4625
0.0002494858157250189  4.831667025221493e-05  0.5166666666666667
0.00026741696567070196  3.7350710246297966e-05  0.6833333333333333
0.00026352206865946454  3.052812967318409e-05  0.4
0.00023555217828965725  4.164684611858879e-05  0.5541666666666667
0.0002300237354479338  5.2596382745889415e-05  0.5541666666666667
0.0002642295978687428  5.9735728313877885e-05  0.3375
0.0002617854771651621  5.336501099006621e-05  0.5291666666666667
0.0002517501513163249  7.158607720918844e-05  0.5
0.0002818230924935176  4.725382532315341e-05  0.48333333333333334
0.00027215164319603847  4.803839068255491e-05  0.4708333333333333
-1  -1  -1
0.00024853656494539547  6.802866321077211e-05  0.6375
0.0002589874100266841  5.699145775675864e-05  0.475
0.0002554352603741546  6.740014081569626e-05  0.5583333333333333
0.00025946966239384243  5.1335372015168524e-05  0.4666666666666667
0.00024405278657612048  4.738052776981271e-05  0.475
0.0002772353944324312  6.574777801597629e-05  0.2625
0.0002545534178268078  5.914422055965618e-05  0.35833333333333334
-1  -1  -1
0.00025023940865320104  4.481927497732581e-05  0.5458333333333333
0.0002526008721553918  3.9139389354009956e-05  0.55
-1  -1  -1
0.0002404631990374941  7.877218958159475e-05  0.55
0.0003691484343330815  9.417247950379108e-05  0.6625
-1  -1  -1
0.00025040434117902787  5.293498439685709e-05  0.475
0.000272259420278121  3.758271064846657e-05  0.4083333333333333
0.0002309120618380033  4.3030356837324466e-05  0.5416666666666666
0.0002497931321461995  4.3564413544121824e-05  0.5
